A Bb B C C# D Eb E F F# G G#
27.500 29.135 30.868 32.703 34.648 36.708 38.891 41.203 43.654 46.249 48.999 51.913
55.000 58.270 61.735 65.406 69.296 73.416 77.782 82.407 87.307 92.499 97.999 103.826
110.000 116.541 123.471 130.813 138.591 146.832 155.563 164.814 174.614 184.997 195.998 207.652
220.000 233.082 246.942 261.626 277.183 293.665 311.127 329.629 349.228 369.994 391.995 415.305
440.000 466.164 493.883 523.251 554.365 587.330 622.254 659.255 698.456 739.989 783.991 830.609
880.000 932.328 987.767 1046.50 1108.73 1174.66 1244.60 1318.52 1396.91 1479.98 1567.98 1661.22
1760.00 1864.66 1975.53 2093.00 2217.46 2349.32 2489.02 2637.02 2793.83 2959.96 3135.44 3322.437
3520.0 3729.31 3951.07 4186.01

Bb























































B









C



C#



D



Eb



E



F



F#



G


G#


